30        
GenerateInvoice 501 601 1021236554 24 2022 9 11 true
GenerateInvoice 502 602 1292114565 4 2022 2 21 false
GenerateInvoice 503 603 1125198479 10 2022 1 12 true
GenerateInvoice 503 604 1028758494 100 2022 4 19 true
GenerateInvoice 503 605 1125198479 10 2022 6 3 true
GenerateInvoice 503 603 1025652425 25 2022 9 16 false
GenerateInvoice 503 606 1025652425 1000 2022 6 24 false
GenerateInvoice 504 603 1194575453 100 2022 8 9 false
GenerateInvoice 521 603 1194575453 2 2022 6 30 false
GenerateInvoice 505 605 1025652425 100 2022 4 22 false
GenerateInvoice 520 604 1328730644 3000 2022 7 7 true
GenerateInvoice 503 604 1227796501 100 2022 9 20 true
GenerateInvoice 506 605 1028758494 2 2022 6 11 false
GenerateInvoice 512 603 1203868672 1500 2022 4 5 false
GenerateInvoice 507 601 1125198479 100 2022 9 6 true
GenerateInvoice 503 604 1265883476 3 2022 8 7 false
GenerateInvoice 513 603 1157684670 100 2022 6 9 false
GenerateInvoice 509 601 1025652425 40 2022 5 18 true
GenerateInvoice 518 604 1294526474 2300 2022 3 13 false
GenerateInvoice 514 606 1227796501 1 2022 4 26 true
GenerateInvoice 508 603 1125198479 100 2022 3 9 false
GenerateInvoice 511 605 1227796501 5 2022 5 23 false
GenerateInvoice 517 602 1125198479 1200 2022 2 1 true
GenerateInvoice 510 603 1265883476 210 2022 4 25 false
GenerateInvoice 522 601 1278782451 4 2022 3 27 false
GenerateInvoice 509 604 1028758494 360 2022 7 9 true
GenerateInvoice 521 606 1278782451 70 2022 6 12 false
GenerateInvoice 517 602 1157684670 700 2022 7 10 true
GenerateInvoice 510 604 1203868672 86 2022 4 3 false
GenerateInvoice 514 605 1294526474 200 2022 5 6 false
Quit        